time,signal
2340,384
2350,377
2360,370
2370,363
2380,356
2390,348
2400,340
2410,332
2420,324
2430,316
2440,307
2450,299
2460,290
2470,281
2480,272
2490,262
2500,252
2510,242
2520,232
2530,222
2540,212
2550,202
2560,192
2570,181
2580,171
2590,160
2600,150
2610,139
2620,129
2630,119
2640,110
2650,100
2660,91
2670,81
2680,73
2690,65
2700,57
2710,50
2720,43
2730,36
2740,31
2750,26
2760,22
2770,19
2780,16
2790,15
2800,14
2810,14
2820,14
2830,16
2840,18
2850,21
2860,25
2870,29
2880,35
2890,41
2900,49
2910,56
2920,65
2930,75
2940,85
2950,95
2960,106
2970,118
2980,129
2990,141
3000,153
3010,165
3020,176
3030,188
3040,200
3050,210
3060,222
3070,233
3080,244
3090,255
3100,266
3110,276
3120,285
3130,296
3140,304
3150,313
3160,322
3170,331
3180,340
3190,348
3200,355
3210,364
3220,372
3230,378
3240,386
3250,392
3260,399
3270,405
3280,411
3290,418
3300,423
3310,429
3320,434
3330,439
3340,443
3350,447
3360,452
3370,456
3380,460
3390,463
3400,467
3410,471
3420,474
3430,477
3440,480
3450,483
3460,485
3470,488
3480,490
3490,493
3500,494
3510,496
3520,498
3530,499
3540,500
3550,501
3560,502
3570,502
3580,503
3590,503
3600,503
3610,503
3620,503
3630,503
3640,503
3650,502
3660,501
3670,501
3680,500
3690,499
3700,497
3710,496
3720,495
3730,492
3740,490
3750,488
3760,486
3770,483
3780,480
3790,478
3800,474
3810,471
3820,468
3830,464
3840,460
3850,456
3860,452
3870,448
3880,444
3890,439
3900,435
3910,430
3920,425
3930,420
3940,415
3950,409
3960,403
3970,398
3980,391
3990,385
4000,378
4010,372
4020,365
4030,357
4040,350
4050,342
4060,335
4070,327
4080,319
4090,310
4100,301
4110,292
4120,283
4130,274
4140,264
4150,255
4160,245
4170,235
4180,225
4190,214
4200,202
4210,192
4220,183
4230,172
4240,162
4250,151
4260,141
4270,130
4280,120
4290,110
4300,100
4310,90
4320,80
4330,71
4340,63
4350,55
4360,48
4370,41
4380,35
4390,29
4400,25
4410,21
4420,18
4430,16
4440,15
4450,14
4460,15
4470,16
4480,18
4490,21
4500,24
4510,29
4520,34
4530,41
4540,48
4550,56
4560,65
4570,75
4580,86
4590,96
4600,108
4610,120
4620,132
4630,144
4640,157
4650,169
4660,180
4670,193
4680,204
4690,216
4700,227
4710,239
4720,250
4730,260
4740,271
4750,281
4760,291
4770,300
4780,310
4790,319
4800,328
4810,337
4820,345
4830,354
4840,361
4850,370
4860,377
4870,384
4880,391
4890,397
4900,403
4910,409
4920,415
4930,420
4940,425
4950,430
4960,434
4970,439
4980,444
4990,449
5000,453
5010,458
5020,462
5030,466
5040,469
5050,473
5060,476
5070,479
5080,482
5090,485
5100,488
5110,490
5120,492
5130,494
5140,495
5150,494
5160,486
5170,470
5180,447
5190,426
5200,406
5210,386
5220,364
5230,345
5240,320
5250,291
5260,264
5270,231
5280,203
5290,202
5300,227
5310,257
5320,282
5330,303
5340,317
5350,331
5360,348
5370,369
5380,396
5390,421
5400,440
5410,452
5420,459
5430,463
5440,466
5450,467
5460,466
5470,464
5480,462
5490,459
5500,456
5510,452
5520,448
5530,445
5540,440
5550,436
5560,432
5570,427
5580,422
5590,416
5600,411
5610,405
5620,399
5630,392
5640,385
5650,379
5660,372
5670,365
5680,357
5690,350
5700,342
5710,334
5720,326
5730,318
5740,309
5750,300
5760,291
5770,282
5780,273
5790,264
5800,255
5810,244
5820,234
5830,225
5840,214
5850,204
5860,194
5870,183
5880,173
5890,162
5900,152
5910,142
5920,131
5930,121
5940,111
5950,101
5960,92
5970,83
5980,74
5990,66
6000,57
6010,50
6020,43
6030,37
6040,31
6050,27
6060,22
6070,19
6080,17
6090,15
6100,14
6110,14
6120,15
6130,15
6140,18
6150,21
6160,24
6170,29
6180,34
6190,40
6200,47
6210,55
6220,63
6230,73
6240,83
6250,94
6260,105
6270,117
6280,128
6290,139
6300,151
6310,163
6320,175
6330,186
6340,198
6350,209
6360,220
6370,231
6380,242
6390,253
6400,263
6410,273
6420,283
6430,292
6440,302
6450,311
6460,321
6470,329
6480,338
6490,345
6500,353
6510,361
6520,369
6530,376
6540,383
6550,391
6560,397
6570,403
6580,410
6590,416
6600,422
6610,427
6620,433
6630,437
6640,442
6650,446
6660,451
6670,455
6680,459
6690,463
6700,466
6710,470
6720,473
6730,476
6740,479
6750,482
6760,485
6770,487
6780,490
6790,492
6800,494
6810,495
6820,497
6830,499
6840,500
6850,501
6860,502
6870,503
6880,503
6890,504
6900,504
6910,504
6920,504
6930,504
6940,503
6950,502
6960,502
6970,501
6980,500
6990,499
7000,498
7010,497
7020,495
7030,494
7040,491
7050,489
7060,487
7070,484
7080,481
7090,479
7100,475
7110,472
7120,469
7130,465
7140,462
7150,458
7160,454
7170,450
7180,445
7190,441
7200,437
7210,432
7220,426
7230,422
7240,416
7250,412
7260,406
7270,400
7280,394
7290,388
7300,382
7310,374
7320,368
7330,360
7340,353
7350,346
7360,338
7370,330
7380,322
7390,314
7400,305
7410,297
7420,287
7430,278
7440,269
7450,260
7460,250
7470,240
7480,230
7490,220
7500,209
7510,198
7520,189
7530,178
7540,167
7550,156
7560,146
7570,136
7580,125
7590,115
7600,105
7610,95
7620,85
7630,77
7640,68
7650,59
7660,52
7670,45
7680,38
7690,32
7700,27
7710,23
7720,20
7730,17
7740,15
7750,15
7760,14
7770,15
7780,18
7790,19
7800,22
7810,26
7820,31
7830,36
7840,43
7850,51
7860,59
7870,68
7880,78
7890,89
7900,100
7910,112
7920,123
7930,135
7940,147
7950,160
7960,172
7970,184
7980,196
7990,207
8000,219
8010,231
8020,242
8030,253
8040,264
8050,274
8060,284
8070,294
8080,304
8090,314
8100,323
8110,331
8120,340
8130,348
8140,356
8150,363
8160,372
8170,379
8180,386
8190,392
8200,400
8210,405
8220,412
8230,417
8240,422
8250,427
8260,431
8270,437
8280,442
8290,447
8300,451
8310,456
8320,460
8330,463
8340,467
8350,470
8360,474
8370,477
8380,480
8390,483
8400,486
8410,489
8420,491
8430,493
8440,495
8450,496
8460,493
8470,485
8480,470
8490,445
8500,423
8510,403
8520,383
8530,363
8540,338
8550,311
8560,280
8570,243
8580,215
8590,200
8600,206
8610,235
8620,269
8630,290
8640,307
8650,323
8660,337
8670,355
8680,375
8690,396
8700,418
8710,438
8720,451
8730,459
8740,464
8750,466
8760,466
8770,466
8780,464
8790,461
8800,458
8810,455
8820,452
8830,448
8840,444
8850,439
8860,435
8870,431
8880,426
8890,420
8900,415
8910,409
8920,403
8930,397
8940,390
8950,384
8960,377
8970,369
8980,362
8990,355
9000,348
9010,340
9020,332
9030,324
9040,316
9050,308
9060,299
9070,290
9080,281
9090,271
9100,263
9110,251
9120,243
9130,233
9140,222
9150,212
9160,201
9170,191
9180,180
9190,170
9200,160
9210,149
9220,139
9230,129
9240,119
9250,109
9260,99
9270,90
9280,81
9290,73
9300,64
9310,56
9320,49
9330,43
9340,37
9350,31
9360,26
9370,22
9380,19
9390,16
9400,15
9410,14
9420,14
9430,15
9440,16
9450,18
9460,21
9470,25
9480,29
9490,35
9500,41
9510,48
9520,56
9530,65
9540,75
9550,85
9560,95
9570,107
9580,119
9590,130
9600,141
9610,153
9620,165
9630,177
9640,188
9650,200
9660,211
9670,222
9680,234
9690,245
9700,255
9710,265
9720,275
9730,285
9740,295
9750,304
9760,313
9770,322
9780,331
9790,339
9800,348
9810,355
9820,363
9830,371
9840,378
9850,385
9860,392
9870,399
9880,405
9890,411
9900,418
9910,423
9920,428
9930,433
9940,438
9950,442
9960,447
9970,451
9980,455
9990,459
10000,463
10010,467
10020,470
10030,474
10040,477
10050,480
10060,482
10070,485
10080,488
10090,490
10100,492
10110,494
10120,496
10130,498
10140,499
10150,500
10160,501
10170,502
10180,502
10190,503
10200,503
10210,504
10220,503
10230,504
10240,503
10250,503
10260,503
10270,502
10280,501
10290,500
10300,499
10310,497
10320,496
10330,495
10340,493
10350,491
10360,489
10370,487
10380,484
10390,481
10400,478
10410,475
10420,472
10430,468
10440,465
10450,461
10460,457
10470,453
10480,449
10490,445
10500,440
10510,436
10520,431
10530,426
10540,420
10550,416
10560,410
10570,404
10580,399
10590,393
10600,387
10610,380
10620,374
10630,366
10640,360
10650,352
10660,345
10670,337
10680,329
10690,320
10700,312
10710,304
10720,295
10730,286
10740,277
10750,268
10760,258
10770,248
10780,238
10790,228
10800,218
10810,207
10820,197
10830,187
10840,176
10850,165
10860,155
10870,144
10880,134
10890,124
10900,113
10910,104
10920,94
10930,84
10940,75
10950,67
10960,58
10970,50
10980,44
10990,37
11000,32
11010,27
11020,23
11030,20
11040,17
11050,15
11060,14
11070,15
11080,15
11090,17
11100,19
11110,22
11120,27
11130,31
11140,38
11150,44
11160,52
11170,60
11180,70
11190,80
11200,90
11210,101
11220,113
11230,125
11240,137
11250,149
11260,161
11270,174
11280,186
11290,197
11300,209
11310,221
11320,232
11330,244
11340,255
11350,265
11360,276
11370,285
11380,296
11390,306
11400,315
11410,324
11420,333
11430,342
11440,350
11450,358
11460,366
11470,374
11480,381
11490,387
11500,394
11510,401
11520,407
11530,412
11540,417
11550,422
11560,427
11570,432
11580,437
11590,442
11600,447
11610,452
11620,456
11630,460
11640,464
11650,467
11660,471
11670,475
11680,478
11690,481
11700,484
11710,487
11720,489
11730,491
11740,493
11750,495
11760,494
11770,489
11780,478
11790,456
11800,432
11810,410
11820,389
11830,371
11840,350
11850,324
11860,298
11870,266
11880,237
11890,210
11900,202
11910,219
11920,246
11930,276
11940,296
11950,312
11960,328
11970,343
11980,362
11990,383
12000,403
12010,424
12020,444
12030,454
12040,462
12050,465
12060,467
12070,466
12080,466
12090,464
12100,461
12110,458
12120,455
12130,451
12140,447
12150,443
12160,438
12170,434
12180,430
12190,424
12200,419
12210,414
12220,409
12230,402
12240,396
12250,390
12260,383
12270,376
12280,369
12290,362
12300,355
12310,347
12320,339
12330,331
12340,323
12350,314
12360,306
12370,297
12380,288
12390,279
12400,270
12410,261
12420,251
12430,241
12440,231
12450,221
12460,210
12470,200
12480,190
12490,179
12500,168
12510,158
12520,147
12530,137
12540,127
12550,117
12560,107
12570,97
12580,88
12590,79
12600,71
12610,62
12620,55
12630,47
12640,41
12650,35
12660,30
12670,25
12680,21
12690,18
12700,16
12710,14
12720,14
12730,14
12740,15
12750,17
12760,19
12770,23
12780,27
12790,31
12800,37
12810,44
12820,51
12830,59
12840,68
12850,79
12860,88
12870,100
12880,111
12890,123
12900,134
12910,146
12920,158
12930,169
12940,181
12950,193
12960,204
12970,215
12980,227
12990,238
13000,249
13010,259
13020,268
13030,279
13040,289
13050,298
13060,307
13070,316
13080,326
13090,334
13100,342
13110,350
13120,358
13130,366
13140,373
13150,381
13160,388
13170,394
13180,401
13190,407
13200,413
13210,419
13220,425
13230,430
13240,435
13250,439
13260,444
13270,449
13280,453
13290,457
13300,461
13310,464
13320,468
13330,471
13340,475
13350,478
13360,481
13370,483
13380,486
13390,489
13400,491
13410,493
13420,495
13430,497
13440,498
13450,499
13460,501
13470,501
13480,502
13490,503
13500,503
13510,503
13520,504
13530,504
13540,504
13550,503
13560,503
13570,502
13580,501
13590,500
13600,500
13610,498
13620,497
13630,495
13640,494
13650,492
13660,490
13670,488
13680,485
13690,482
13700,480
13710,477
13720,474
13730,470
13740,467
13750,464
13760,460
13770,456
13780,452
13790,447
13800,443
13810,438
13820,434
13830,429
13840,424
13850,419
13860,414
13870,408
13880,402
13890,396
13900,390
13910,384
13920,377
13930,371
13940,364
13950,357
13960,349
13970,342
13980,334
13990,326
14000,317
14010,309
14020,300
14030,292
14040,282
14050,273
14060,264
14070,254
14080,244
14090,234
14100,224
14110,214
14120,203
14130,193
14140,183
14150,172
14160,161
14170,151
14180,141
14190,130
14200,121
14210,110
14220,100
14230,90
14240,81
14250,72
14260,64
14270,56
14280,48
14290,42
14300,35
14310,30
14320,26
14330,21
14340,18
14350,16
14360,15
14370,14
14380,14
14390,15
14400,17
14410,20
14420,24
14430,27
14440,32
14450,39
14460,46
14470,54
14480,62
14490,72
14500,82
14510,93
14520,104
14530,116
14540,128
14550,140
14560,152
14570,165
14580,177
14590,189
14600,201
14610,213
14620,224
14630,236
14640,246
14650,257
14660,268
14670,279
14680,288
14690,298
14700,308
14710,317
14720,326
14730,334
14740,343
14750,352
14760,360
14770,367
14780,375
14790,383
14800,389
14810,396
14820,402
14830,408
14840,414
14850,419
14860,424
14870,428
14880,433
14890,439
14900,444
14910,448
14920,453
14930,458
14940,461
14950,465
14960,468
14970,472
14980,476
14990,479
15000,482
15010,485
15020,487
15030,490
15040,492
15050,494
15060,495
15070,492
15080,483
15090,468
15100,450
15110,426
15120,403
15130,381
15140,361
15150,340
15160,312
15170,285
15180,253
15190,218
15200,203
15210,210
15220,234
15230,260
15240,284
15250,304
15260,322
15270,338
15280,353
15290,370
15300,393
15310,414
15320,433
15330,450
15340,459
15350,463
15360,466
15370,467
15380,467
15390,465
15400,463
15410,460
15420,457
15430,453
15440,450
15450,446
15460,442
15470,438
15480,433
15490,428
15500,423
15510,418
15520,412
15530,407
15540,400
15550,395
15560,388
15570,381
15580,374
15590,367
15600,360
15610,352
15620,345
15630,337
15640,329
15650,321
15660,312
15670,304
15680,295
15690,286
15700,276
15710,267
15720,258
15730,248
15740,238
15750,228
15760,218
15770,207
15780,196
15790,187
15800,177
15810,166
15820,156
15830,145
15840,135
15850,125
15860,115
15870,105
15880,96
15890,86
15900,77
15910,69
15920,61
15930,53
15940,46
15950,40
15960,34
15970,28
15980,24
15990,20
16000,17
16010,16
16020,14
16030,14
16040,14
16050,15
16060,17
16070,20
16080,23
16090,27
16100,32
16110,38
16120,45
16130,52
16140,61
16150,70
16160,80
16170,90
16180,101
16190,112
16200,124
16210,135
16220,148
16230,159
16240,171
16250,182
16260,194
16270,206
16280,216
16290,227
16300,238
16310,249
16320,259
16330,269
16340,280
16350,289
16360,299
16370,308
16380,317
16390,326
16400,334
16410,343
16420,351
16430,358
16440,366
16450,374
16460,381
16470,387
16480,394
16490,401
16500,408
16510,414
16520,419
16530,425
16540,430
16550,436
16560,440
16570,444
16580,449
16590,453
16600,457
16610,461
16620,464
16630,468
16640,471
16650,475
16660,478
16670,481
16680,484
16690,486
16700,489
16710,491
16720,493
16730,495
16740,497
16750,498
16760,499
16770,501
16780,502
16790,502
16800,503
16810,503
16820,503
16830,503
16840,504
16850,503
16860,503
16870,502
16880,502
16890,501
16900,499
16910,500
16920,499
16930,498
16940,496
16950,494
16960,492
16970,490
16980,488
16990,485
17000,482
17010,480
17020,477
17030,474
17040,471
17050,467
17060,464
17070,460
17080,456
17090,452
17100,448
17110,443
17120,439
17130,434
17140,430
17150,425
17160,420
17170,415
17180,409
17190,403
17200,397
17210,391
17220,385
17230,378
17240,371
17250,365
17260,358
17270,350
17280,343
17290,335
17300,327
17310,318
17320,310
17330,301
17340,293
17350,284
17360,274
17370,265
17380,255
17390,245
17400,235
17410,225
17420,215
17430,205
17440,195
17450,184
17460,174
17470,163
17480,153
17490,143
17500,132
17510,122
17520,112
17530,102
17540,92
17550,83
17560,74
17570,66
17580,58
17590,50
17600,43
17610,36
17620,31
17630,26
17640,22
17650,19
17660,17
17670,15
17680,14
17690,14
17700,15
17710,17
17720,19
17730,23
17740,26
17750,32
17760,37
17770,44
17780,52
17790,60
17800,70
17810,79
17820,90
17830,100
17840,112
17850,124
17860,135
17870,148
17880,161
17890,173
17900,185
17910,197
17920,208
17930,218
17940,231
17950,241
17960,254
17970,266
17980,277
17990,287
18000,296
18010,304
