time,signal
3600,503
3610,503
3620,503
3630,503
3640,503
3650,502
3660,501
3670,501
3680,500
3690,499
3700,497
3710,496
3720,495
3730,492
3740,490
3750,488
3760,486
3770,483
3780,480
3790,478
3800,474
3810,471
3820,468
3830,464
3840,460
3850,456
3860,452
3870,448
3880,444
3890,439
3900,435
3910,430
3920,425
3930,420
3940,415
3950,409
3960,403
3970,398
3980,391
3990,385
4000,378
4010,372
4020,365
4030,357
4040,350
4050,342
4060,335
4070,327
4080,319
4090,310
4100,301
4110,292
4120,283
4130,274
4140,264
4150,255
4160,245
4170,235
4180,225
4190,214
4200,202
4210,192
4220,183
4230,172
4240,162
4250,151
4260,141
4270,130
4280,120
4290,110
4300,100
4310,90
4320,80
4330,71
4340,63
4350,55
4360,48
4370,41
4380,35
4390,29
4400,25
4410,21
4420,18
4430,16
4440,15
4450,14
4460,15
4470,16
4480,18
4490,21
4500,24
4510,29
4520,34
4530,41
4540,48
4550,56
4560,65
4570,75
4580,86
4590,96
4600,108
4610,120
4620,132
4630,144
4640,157
4650,169
4660,180
4670,193
4680,204
4690,216
4700,227
4710,239
4720,250
4730,260
4740,271
4750,281
4760,291
4770,300
4780,310
4790,319
4800,328
4810,337
4820,345
4830,354
4840,361
4850,370
4860,377
4870,384
4880,391
4890,397
4900,403
4910,409
4920,415
4930,420
4940,425
4950,430
4960,434
4970,439
4980,444
4990,449
5000,453
5010,458
5020,462
5030,466
5040,469
5050,473
5060,476
5070,479
5080,482
5090,485
5100,488
5110,490
5120,492
5130,494
5140,495
5150,494
5160,486
5170,470
5180,447
5190,426
5200,406
5210,386
5220,364
5230,345
5240,320
5250,291
5260,264
5270,231
5280,203
5290,202
5300,227
5310,257
5320,282
5330,303
5340,317
5350,331
5360,348
5370,369
5380,396
5390,421
5400,440
5410,452
5420,459
5430,463
5440,466
5450,467
5460,466
5470,464
5480,462
5490,459
5500,456
5510,452
5520,448
5530,445
5540,440
5550,436
5560,432
5570,427
5580,422
5590,416
5600,411
5610,405
5620,399
5630,392
5640,385
5650,379
5660,372
5670,365
5680,357
5690,350
5700,342
5710,334
5720,326
5730,318
5740,309
5750,300
5760,291
5770,282
5780,273
5790,264
5800,255
5810,244
5820,234
5830,225
5840,214
5850,204
5860,194
5870,183
5880,173
5890,162
5900,152
5910,142
5920,131
5930,121
5940,111
5950,101
5960,92
5970,83
5980,74
5990,66
6000,57
6010,50
6020,43
6030,37
6040,31
6050,27
6060,22
6070,19
6080,17
6090,15
6100,14
6110,14
6120,15
6130,15
6140,18
6150,21
6160,24
6170,29
6180,34
6190,40
6200,47
6210,55
6220,63
6230,73
6240,83
6250,94
6260,105
6270,117
6280,128
6290,139
6300,151
6310,163
6320,175
6330,186
6340,198
6350,209
6360,220
6370,231
6380,242
6390,253
6400,263
6410,273
6420,283
6430,292
6440,302
6450,311
6460,321
6470,329
6480,338
6490,345
6500,353
6510,361
6520,369
6530,376
6540,383
6550,391
6560,397
6570,403
6580,410
6590,416
6600,422
6610,427
6620,433
6630,437
6640,442
6650,446
6660,451
6670,455
6680,459
6690,463
6700,466
6710,470
6720,473
6730,476
6740,479
6750,482
6760,485
6770,487
6780,490
6790,492
6800,494
6810,495
6820,497
6830,499
6840,500
6850,501
6860,502
6870,503
6880,503
6890,504
6900,504
